=== part02 ========================================
count 2) 110 000 1 00000000010 1101000000101010000010
    lit:  110 100 00001 01010000010
    lit:  010 100 00010

110 10000001
010 10000010
110 0001000000000101101000000101010000010
ans:  14 3




=== part01 ========================================
count 1] 100 010 1 00000000001 001010100000000001101010000000000000101111010001111000
    1:count 1) 001 010 1 00000000001 101010000000000000101111010001111000
        1:length 11) 101 010 0 000000000001011 11010001111 000
            literal) 110 100 01111

ans:  16 16

--- 12 --------------------------------------
count 2] 011 000 1 00000000010 00000000000000000101100001000101010110001011001000100000000010000100011000111000110100
    1:length 22) 000 000 0 000000000010110 0001000101010110001011
        000 100 01010
        101 100 01011
    2:count 2) 001 000 1 00000000010 000100011000111000110100
        000 100 01100
        011 100 01101
        00


count 2] 011 000 1 00000000010 00000000000000000101100001000101010110001011001000100000000010000100011000111000110100
    1:length 22) 000 000 0 000000000010110 0001000101010110001011 
        1:lit) 000 100 01010 
        2:lit) 101 100 01011  <<<<
    2:count 2) 001 000 1 00000000010 000100011000111000110100
        1:lit) 000 100 01100 
        2:lit) 011 100 01101 
        00

lit:  0001000101010110001011
count 2 001000100000000010000100011000111000110100
lit:  000100011000111000110100
lit:  0111000110100

000 100 01010
101 100 01011
000 000 0 0000000000101100001000101010110001011001000100000000010000100011000111000110100
000 100 01100
011 100 01101
001 000 1 00000000010000100011000111000110100
011 000 1 0000000001000000000000000000101100001000101010110001011001000100000000010000100011000111000110100
ans:  12 12

