[[[[0,[4,5]],[0,0]],[[[4,5],[2,6]],[9,5]]],[7,[[[3,7],[4,3]],[[6,3],[8,8]]]]]
[4,5]
[[[[4,0],[5,0]],[[[4,5],[2,6]],[9,5]]],[7,[[[3,7],[4,3]],[[6,3],[8,8]]]]]
[4,5]
[[[[4,0],[5,4]],[[0,[7,6]],[9,5]]],[7,[[[3,7],[4,3]],[[6,3],[8,8]]]]]
[7,6]
[[[[4,0],[5,4]],[[7,0],[[7,8],5]]],[7,[[[3,7],[4,3]],[[6,3],[8,8]]]]]
[7,8]
[[[[4,0],[5,4]],[[7,7],[0,[6,7]]]],[7,[[[3,7],[4,3]],[[6,3],[8,8]]]]]
[6,7]
[[[[4,0],[5,4]],[[7,7],[6,0]]], [[7,7],[[[3,7],[4,3]],[[6,3],[8,8]]]]]
[[[[4,0],[5,4]],[[7,7],[6,0]]], [[7,[5,5]],[[0,[[5,6],3]],[[6,3],[8,8]]]]]
[[[[4,0],[5,4]],[[7,7],[6,0]]], [[7,[5,5]],[[5,[0,9]],[[6,3],[8,8]]]]]
[[[[4,0],[5,4]],[[7,7],[6,0]]], [[7,[5,5]],[[5,0],[[[7,8],3],[8,8]]]]]
[[[[4,0],[5,4]],[[7,7],[6,0]]], [[7,[5,5]],[[5,7],[[0,[5,6]],[8,8]]]]]
[[[[4,0],[5,4]],[[7,7],[6,0]]], [[7,[5,5]], [[5,7],[[5,0],[[7,7],8]]]]]
[[[[4,0],[5,4]],[[7,7],[6,0]]], [[7,[5,5]], [[5,[6,6]],[0,[[7,7],8]]]]]
[[[[4,0],[5,4]],[[7,7],[6,0]]], [[7,[5,5]], [[[5,6],0],[6,[[7,7],8]]]]]
[[[[4,0],[5,4]],[[7,7],[6,0]]], [[7,[5,[5,5]]], [[0,6],[6,[[7,7],8]]]]]
[[[[4,0],[5,4]],[[7,7],[6,0]]], [[7,[[5,5],0]], [[5,6],[6,[[7,7],8]]]]]
[[[[4,0],[5,4]],[[7,7],[6,0]]], [[[6,6],[0,5]], [[5,6],[6,[[7,7],8]]]]]
[[[[4,0],[5,4]],[[7,7],[6,0]]], [[[6,6],[0,5]], [[5,6],[[6,7],[0,[7,8]]]]]]
[[[[4,0],[5,4]],[[7,7],[6,0]]], [[[6,6],[0,5]], [[5,[6,6]],[0,[7,[7,8]]]]]]
[[[[4,0],[5,4]],[[7,7],[6,0]]], [[[6,6],[0,5]], [[[5,6],0],[6,[7,[7,8]]]]]]
[[[[4,0],[5,4]],[[7,7],[6,0]]], [[[6,6],[0,[5,5]]], [[0,6],[6,[7,[7,8]]]]]]
[[[[4,0],[5,4]],[[7,7],[6,0]]], [[[6,6],[5,0]], [[5,6],[6,[7,[7,8]]]]]]
[[[[4,0],[5,4]],[[7,7],[6,0]]], [[[6,6],[5,0]], [[5,6],[6,[[7,7],0]]]]]
[[[[4,0],[5,4]],[[7,7],[6,0]]], [[[6,6],[5,0]], [[5,6],[[6,7],[0,7]]]]]
[[[[4,0],[5,4]],[[7,7],[6,0]]], [[[6,6],[5,0]], [[5,[6,6]],[0,[7,7]]]]]
[[[[4,0],[5,4]],[[7,7],[6,0]]], [[[6,6],[5,0]], [[[5,6],0]],[6,[7,7]]]]]
[[[[4,0],[5,4]],[[7,7],[6,0]]], [[[6,6],[5,5]], [[0,6]],[6,[7,7]]]]]






[[[7,7],[[[3,7],[4,3]],[[6,3],[8,8]]]]]















